1.734925134142452086e-01 -1.536174737167956827e-01 -5.924103675002618391e-02 5.250070325274722866e-02 8.717043912441187203e-02 2.271095342456306079e-02 -3.739141406590940075e-02 4.970048339461143744e-02 5.004795423194528109e-02 1.110830014227416965e-02 1.401868586950317901e-02 -6.825032950955671474e-02 -1.447767770493618190e-02 1.343764820158764028e-01 1.260444208930357364e-02 -7.278549181983779218e-03 -7.821772410130277409e-02 -2.098525259559072542e-01 -2.729900321439161434e-02 2.744025628658850607e-02 -1.659574796138058583e-01 -3.753433408430052742e-02 8.045465902477053066e-02 8.384741780521785814e-02 7.865848533770820883e-02 -1.661032837668100295e-02 1.176325860347113422e-01 1.249046241675549757e-01 3.884832560816149638e-02 1.031971418195608142e-01 -4.938634199974265698e-02 1.706925797310145099e-02 7.766350046450437583e-02 -5.541074241546189993e-02 5.369196692909707774e-02 3.787133513833101234e-02 8.286814150394363615e-03 2.263960991811177215e-01 1.991198410988724299e-01 -1.621437841633371346e-01 -1.575724560817942654e-01 2.734650169117999741e-02 -1.587817905545636094e-02 -4.620306186166590195e-02 1.913296179093963711e-01 7.589483282336749459e-02 5.134701057430712812e-02 -1.592364373540057498e-01 -2.493317198744096283e-02 8.049483399913319459e-02 -1.052654401654237598e-01 -7.189040776667249668e-04 3.321075716557656682e-03 -6.714883512422063772e-02 2.576585707724286106e-02 1.117720281011016364e-01 -1.063709240354430152e-01 -2.553617113939698480e-01 -1.222018548036719471e-01 5.570593965553242988e-02 2.757350711163334966e-01 5.160907962052022069e-02 -8.263523273797246382e-02 -7.086790676200871442e-02 -9.559081470800060917e-03 -8.194619480954337676e-02 1.168270664181649543e-01 1.649641145391816666e-01 -1.112597581773379536e-02 1.789655296148416619e-01 4.021312832165425261e-02 -7.925548255637772377e-02 1.979718341522393107e-02 5.124526711189823086e-02 -4.232589436987294756e-02 -1.258343881970626632e-01 -1.916392940269232015e-02 -1.179026599309808965e-01 5.245876987409898301e-02 -9.236958526887320553e-02 -1.028195549038087020e-02 4.847709074825097553e-02 8.723156243710641000e-04 -2.228228740094132659e-02 5.895581516668498695e-02 -7.200206113670569452e-02 -8.913691249743034561e-02 1.040316958847133100e-02 4.462498473045177494e-02 1.627873402189022323e-01 5.797236077694473133e-02 7.940992739445096316e-02 1.862167534413709524e-01 9.389031748018399071e-02 -6.600688531186428565e-02 5.990407181933887076e-02 2.120773321265008102e-02 9.066713632834506875e-02 6.760065267996127891e-02 2.050187196949640814e-02 -5.502399425098059710e-02 1.334072682332904658e-01 7.699682745982586174e-02 -2.529148492058434505e-01 7.585009299341186582e-03 -2.077107039310062062e-02 4.034658040935711759e-02 -1.873353943718944134e-02 7.161364468295425278e-02 -1.969394653569848386e-01 -1.223147382997734761e-01 1.218756923715268864e-01 -1.133865313233934496e-01 -5.022076084161046505e-02 7.794037777521771460e-02 -8.580582196614221224e-02 4.302563514955687340e-02 3.420913576097114189e-02 4.637454884886686723e-02 8.744489888929586618e-02 -8.379150161613890162e-04 6.504709829144925126e-02 1.538660751137985172e-01
-1.536174737167956827e-01 1.879194681171226788e-01 7.052313394523726520e-02 -3.575118953371212577e-02 -1.011477765853742092e-02 -5.491510177194240672e-02 9.953460504461799502e-03 -5.599067866160080398e-02 1.212555515284499154e-02 -5.122185288985032364e-02 -7.859276203795481641e-02 9.266743945021654882e-02 7.164464945055440404e-02 -8.844894773066554194e-02 -9.241268184309139530e-03 -1.746117318623692238e-01 9.240659131329813369e-02 2.104479628356459575e-01 -3.210232058252677351e-02 -2.000726671916783911e-02 2.351252607613283641e-01 1.136344763342468228e-01 4.792172808314577176e-02 -7.672399434886265079e-02 -6.492022063611144200e-02 1.073668038680502743e-02 -8.301115995420789428e-02 -1.115312274308594281e-01 -3.640355873711302592e-02 -1.675056061076443392e-01 8.399363091194257669e-02 -3.254630490499700601e-02 -1.202627456799650746e-01 -1.019680406878769111e-02 -2.129780250269635855e-01 -5.397491977140927988e-02 2.687335939173976854e-02 -4.022412270963238168e-02 -1.881266501264450830e-01 1.556190058069137072e-01 1.576227844635055553e-01 -2.032582416291909416e-02 4.864029373585174870e-02 8.975817390724812050e-02 -2.102870068084800870e-01 -5.315094488863435218e-02 -1.149829151651001469e-01 1.598296863833003900e-01 8.922131822348552954e-02 -8.056362543808917587e-02 1.941508539831359251e-02 2.319897269143951848e-02 3.706392413005612368e-02 2.069194575302718830e-01 -7.814773252388224067e-02 -1.206755331271961718e-01 8.080591008684063700e-03 2.006929767863909198e-01 9.291462024727364932e-02 5.827807969575522253e-03 -2.221579295632942208e-01 -6.648954463152827177e-03 5.551669242177502406e-02 1.832780160731716512e-01 -8.681924984251519761e-02 5.501559736054555116e-02 -1.685053373192219039e-01 -1.183295361457915029e-01 5.033210149688451679e-02 -8.730152436791012438e-02 -1.819970736644059284e-01 8.093280152127624305e-02 -6.833670248756598675e-02 -1.138628270300317408e-01 3.726264705939535266e-02 1.212987146143914147e-01 -2.849815029494819768e-02 8.527716553516641318e-02 -1.215412565851355930e-01 9.374468517295807268e-02 2.812200990545037863e-03 -4.966404758878479458e-02 6.318207604304769409e-02 2.966239443359591516e-03 -1.283456767019324762e-01 1.162994756811116387e-02 -3.155581588535113363e-02 -5.932553610514122028e-02 -5.224624748639040278e-02 -1.519711952462989013e-01 -1.126353728230962137e-01 -8.100351271211711501e-02 -2.042980834040757643e-01 -4.446612706027028294e-02 1.372781406326803177e-01 -5.531949996358375560e-02 -1.171468190407446291e-01 -9.865959698228937702e-02 -4.348878942548840137e-02 7.373867553361499946e-03 1.541760417702025543e-01 -1.766529821793617061e-01 -1.181816343583747958e-01 2.592574070014660448e-01 -4.845421617075663934e-02 1.302047308771990264e-01 -6.104177988258374134e-03 2.987356774121970732e-02 5.058182973927403958e-02 1.479709328366700105e-01 1.021156105571616179e-01 -9.423708411942338659e-02 7.906992220934770665e-02 1.645977384624960210e-02 -5.853206698669793928e-02 7.883498511097369876e-02 -5.500978345972704596e-03 3.057427056556517517e-02 -8.541021198478755683e-02 -2.017736783855391194e-02 -5.160165092710513463e-02 1.850688839963349382e-03 -2.308749111056504766e-01
-5.924103675002618391e-02 7.052313394523726520e-02 2.273525122621377070e-01 1.446981572416995154e-01 -7.013017750753521018e-02 7.572628257113152295e-02 -1.005886954289093027e-01 1.826289066139218445e-02 2.716231156916816200e-02 1.214128695743002528e-01 -4.165115162510920482e-02 5.969501530694230201e-02 1.682958680453920108e-01 -1.815263873367939373e-01 -3.134182599835613064e-02 5.163676574447969431e-02 -2.721305906348033335e-02 1.626516082259620299e-01 -1.106475116064372377e-01 1.146019673398529642e-01 -2.695343430751951166e-02 1.607164051400210162e-03 1.445598662154457814e-01 6.485490820855649430e-02 5.817606136957939600e-02 9.646893540277774737e-02 -2.601314433736240384e-02 8.200798581493662712e-03 4.284047054522763243e-02 1.096738287624543506e-01 7.206203837144807556e-02 -6.077684296671611620e-03 -7.060629253646623360e-02 8.509160737760801396e-02 -1.154765869959040320e-01 2.896246803489187574e-02 3.771331470432454785e-02 1.332047697735151692e-01 -5.588239724988368351e-02 -1.525036393397098400e-01 1.576724121749556451e-01 1.520638556500673588e-01 4.213966933814762561e-02 2.255504301129231115e-02 -3.265164739388443094e-02 2.583021842406478530e-02 -1.110158459844536455e-01 1.087039953688596766e-01 2.378241232312334097e-04 2.740821507221113257e-02 -2.062900534041771650e-01 -6.004232038528661136e-02 -1.834147900690528618e-02 6.797081409088565063e-02 -1.218475159017136100e-01 3.745487723481287501e-02 2.003354664597666868e-01 1.721703695131911530e-02 8.915306155150407030e-02 3.843312508721374865e-02 8.421866696130224372e-02 1.693397692964880297e-01 1.690797556684470182e-01 1.317581432682636555e-02 -1.498506938602110761e-01 1.566913325511251065e-01 -1.699483073890921681e-01 -2.200533736677799945e-01 1.348454526181346869e-01 -2.686738692781997506e-01 -7.304040438485255582e-02 1.544648211800463689e-01 1.293782917435935542e-01 1.986844054918162489e-02 3.230168570580480569e-01 1.494820968231755712e-02 1.986607332990945052e-01 9.177970518049737014e-02 -8.885696287690751649e-03 -1.267107227254167801e-01 9.009795766142468521e-02 -7.378379593634627753e-02 -8.812019662888387339e-02 -5.966351237721877199e-02 -2.290178877430663340e-01 -1.935157585718351725e-01 -1.146332636172068681e-01 -1.150013629179978403e-01 -6.126820729717383229e-02 5.637567642023585957e-02 -1.405492210114381302e-01 -1.335721549083278281e-02 -3.807483999256012358e-02 -1.220695724302501561e-01 -6.364673405047424626e-02 -8.391404236808698569e-02 9.739790447024675168e-02 -1.061614409504661322e-01 -7.000652628291800794e-02 -2.687390789069420971e-01 6.356735575050927178e-02 -1.372877370326262558e-01 -1.110078744250458938e-01 4.667189638801084312e-02 -8.752978418756908463e-02 -1.651645433909265936e-01 1.837076368744539612e-01 1.667202706259433009e-01 -2.884055671757622674e-01 2.593591300512516559e-02 2.836787081620019413e-02 -1.032934839420837220e-01 -1.056763616308450840e-04 1.089118937703053083e-02 -2.520114318683940868e-01 -3.648023842776277476e-02 -1.520582211314799592e-01 -1.675868823829509968e-01 6.184073394893245534e-02 1.562612381584998766e-01 7.843878399762012343e-02 -1.270822581503067150e-01 5.802361924009513672e-02
5.250070325274722866e-02 -3.575118953371212577e-02 1.446981572416995154e-01 1.438138769604425660e-01 -1.015520064750687589e-02 7.530297089436464864e-02 -9.940832514195362124e-02 4.373639275632631995e-02 4.628489860312729604e-02 1.052563889874386510e-01 -2.038538222890328572e-02 5.925811931183508352e-03 1.208210120185978509e-01 -6.874011810056505911e-02 -1.770672152973591304e-02 4.909530652204405904e-02 -6.791572827277311819e-02 6.794216993225106818e-03 -9.931681029252772963e-02 1.060929248112804230e-01 -1.224214565413988265e-01 -2.573769834440417167e-02 1.522842334541865128e-01 9.950680590401717041e-02 9.075593722459485146e-02 6.707976396935699803e-02 4.534775146518160022e-02 7.809159249282716930e-02 5.628135910414694409e-02 1.510941716409836544e-01 2.596473642853106001e-02 6.164257330302127039e-03 -7.847417404533308521e-03 3.964655898479069185e-02 -4.926577906130952950e-02 4.600852658968573872e-02 3.223904680408395951e-02 2.240737435416274015e-01 7.064846065909614892e-02 -2.143495352644065322e-01 3.325058985224474406e-02 1.357017064784237503e-01 2.187451339211490126e-02 -1.196428963415084069e-02 8.655422388099900943e-02 6.294200207506266131e-02 -5.365522614651653532e-02 -6.498344941087340516e-03 -1.869638907875878497e-02 6.842755960761269518e-02 -2.184408902572524402e-01 -4.946041236257973928e-02 -1.535265795473838256e-02 5.209433267354749743e-03 -7.785009446153728918e-02 9.513906647109852954e-02 1.034720173318675884e-01 -1.308985477803834563e-01 1.589979097388042120e-03 5.852944132991586695e-02 2.230525042334645935e-01 1.608547897818629335e-01 8.764685920200797342e-02 -3.842685646360757823e-02 -1.174970365762297436e-01 7.823224884641469257e-02 -6.308178039013294380e-02 -8.151071290243540324e-02 9.753461956816576739e-02 -1.149344731905233563e-01 -2.472016302004997196e-02 7.607298219686185747e-02 1.171793362820172102e-01 4.976417711805227601e-02 2.313276369126335830e-01 -6.092441682095524336e-02 1.493093889556093568e-01 6.391197579622749474e-03 2.816341892135161215e-02 -1.539744639288242734e-01 6.582433704386941864e-02 -3.014572367096761407e-02 -7.359979555203745305e-02 -5.881673432888637199e-02 -1.422023665876108733e-01 -1.907683267349154221e-01 -1.341726530711174759e-01 -8.159086483520930355e-02 -2.204071870162155333e-02 1.383757278415904401e-01 -7.378906778558559643e-02 3.564632174604804443e-02 7.923876434594527562e-02 -4.544917610887104498e-02 -9.356519203482105418e-02 -3.192053155288866045e-02 9.594297712317542692e-02 -3.079862822129996250e-02 -1.778754141437756051e-02 -2.026209994970520623e-01 1.154804931442888691e-02 -2.819250786153664964e-02 -4.029657596231329270e-02 -1.103558366095832438e-01 -6.204565822176889150e-02 -1.502291918953929384e-01 1.664184378086602523e-01 1.202592297454787851e-01 -1.949699242973564617e-01 -9.047083404610180291e-02 -4.719027881577487343e-02 -1.285366527029413279e-02 -6.356515910700837046e-02 -1.822909089041860678e-02 -1.554557939557035251e-01 -7.820365099415726995e-02 -9.789292075961505968e-02 -1.171655919699647191e-01 7.852634262810211097e-02 1.697849572472052426e-01 6.516649407814308070e-02 -6.735927000169969481e-02 1.405206353042620093e-01
8.717043912441187203e-02 -1.011477765853742092e-02 -7.013017750753521018e-02 -1.015520064750687589e-02 1.506910033235691337e-01 -6.390110437462347137e-02 -1.530645262414543316e-02 -3.017640568230086067e-03 9.027903691676246456e-02 -9.219671923936924307e-02 -7.410067851670203154e-02 -6.147744169984665791e-04 2.342154393925470479e-02 1.533817049171600777e-01 1.760532659973624778e-02 -2.732403232334483234e-01 1.027852862839213205e-02 -9.975164090941046613e-02 -5.459869913664455038e-02 -1.952641214870048242e-02 6.684390297154936544e-02 9.748295315826931151e-02 1.530046928640790282e-01 8.988288563344123613e-03 1.917673367097159909e-02 -4.272389549998942965e-02 8.427864485518545001e-02 4.531560175142561320e-02 -1.092385837589024801e-03 -1.009184199467855897e-01 1.415814387316369737e-02 -1.579889450325662123e-02 -1.922859768679652595e-02 -1.319644052643503818e-01 -1.742829013626454870e-01 -2.293739275187286694e-02 3.929348705662213254e-02 2.717502274358064018e-01 7.962805603864465953e-02 1.382255826522420152e-03 -8.672891170522734061e-02 -3.201360956960570131e-02 2.888371568124009636e-02 4.315664060430823845e-02 2.842565001983968567e-02 4.142503791608764807e-02 -4.206184841170834687e-02 -7.082393571044370839e-02 8.428927531381785743e-02 9.998318564666063002e-03 -7.955648488647644456e-02 5.041507614825639638e-02 6.324734255560376939e-02 1.588367974793697679e-01 -2.881504484998176352e-02 1.718538859886683265e-03 -2.262700083408784590e-01 -1.417600189938677535e-01 -9.789325305333855531e-02 8.712995232220331621e-02 1.128027143036436086e-01 2.139363167596990134e-02 -1.109722051241237017e-01 1.369707142433768676e-01 -8.989033195090617712e-02 -1.066175417964206340e-01 8.689123487626994324e-03 1.737371214780619733e-01 9.623347081513095730e-03 2.555976293336941763e-01 -1.663383587934142982e-01 -6.515237386924693785e-02 -1.045147797719031962e-01 -8.218091336753988174e-02 -1.194580545568105501e-01 -4.047849642126747499e-02 -1.343571127963534007e-01 -1.024045252671059308e-01 -8.184423987165201364e-02 2.056655443687932863e-02 -4.146083185580831665e-02 3.305568728333749262e-02 1.180175439332269566e-01 -1.336779693620570274e-02 -1.092200782058287863e-02 -4.010517449494503672e-02 -1.537476425483486897e-01 -2.971793634226692002e-02 1.916358161749469671e-02 3.528643564098300767e-02 -1.855995877596487015e-02 2.053836321132100975e-02 3.018285934288404693e-02 1.299771552420736498e-01 1.047644512405056377e-01 4.703581108520418080e-02 -1.605371321459881095e-01 4.363078924624888555e-02 7.181479233033288834e-02 1.291440158733011268e-01 1.060816673296890861e-01 1.402813250915777889e-02 -4.585276717808290346e-03 -6.494572673393471385e-02 -2.779401089180569273e-02 2.010658927152459419e-01 -8.300013373791224934e-04 -4.163735693774441721e-02 2.796292571371496449e-01 -1.228914540222722646e-01 -6.588647028078378765e-02 9.999019883432438971e-02 -7.457699672970810600e-02 -6.253638837671837702e-02 1.253714381306383907e-01 -1.823496767617344139e-02 1.109252929925961945e-01 1.520292019293281449e-01 -6.355233060848745896e-02 6.520129610369941597e-02 -9.865001076357894638e-02 1.493456238029460259e-01 -9.052186501622699888e-02
2.271095342456306079e-02 -5.491510177194240672e-02 7.572628257113152295e-02 7.530297089436464864e-02 -6.390110437462347137e-02 7.182637945867983986e-02 -3.948636769346435677e-02 3.330184181054191700e-02 -1.958963477270754192e-02 9.566765621364738126e-02 3.964363834922110530e-02 -1.857614747077304673e-02 2.666052654943232639e-02 -7.251589723050827496e-02 -1.282814138573150353e-02 1.738869629866069133e-01 -5.526748754228111293e-02 -4.757036012543139347e-03 -1.360903421831049891e-02 5.901358428971068687e-02 -1.352866635806645734e-01 -7.749828210330898803e-02 -7.251476781182462222e-03 5.755042102537406140e-02 4.681766439875303248e-02 4.436970151127940520e-02 4.445625677138436392e-03 4.133694058723982878e-02 3.346840874804037774e-02 1.461659822477573700e-01 -1.386860190523526125e-02 1.669642575818089392e-02 3.225131923528074679e-02 7.381053147638233503e-02 9.916679419433625797e-02 4.199403345506753232e-02 -8.233570745081689873e-03 -4.190077583335523499e-03 4.171222608441404328e-02 -1.302505042586060702e-01 1.367229986734634292e-02 7.715893957489068644e-02 -1.352605979784319429e-02 -4.367942320577518356e-02 7.479173270780266336e-02 2.281500554326415173e-02 2.036866832936273103e-02 -1.073197667000361059e-02 -6.336490023526110404e-02 4.443447239603376397e-02 -6.736145672397560180e-02 -4.766283759594275304e-02 -4.121631683907724802e-02 -1.106978027667550740e-01 -4.152769254826944000e-03 6.878282993997866801e-02 1.361703147443758255e-01 -4.547669081723074852e-02 1.936551069769614983e-02 -1.148874484267560676e-02 1.026045667903832392e-01 6.309074536967287927e-02 7.099987841617343143e-02 -1.153414447041514607e-01 5.561828362201891307e-03 6.521463964433948934e-02 7.808222537102838846e-03 -7.954017370492816319e-02 2.706284401552963223e-02 -1.348976057994963618e-01 9.948121157226995359e-02 4.127311457746076634e-02 1.098903577860574771e-01 8.178052901333043856e-02 1.415137369437513004e-01 -3.807193022654948439e-02 1.269684029148467341e-01 2.508292814870424770e-02 7.397233361985955380e-02 -9.741888770350803917e-02 4.513116187911979382e-02 -1.525656969088851934e-02 -9.518606177825472692e-02 -2.091793910016073385e-02 -2.802391272706180464e-02 -6.964221400673824280e-02 1.168840514362785681e-02 -9.768791373164102676e-03 -5.419360899804104292e-03 8.115430744311614986e-02 1.385358362135220194e-03 2.588742636993386290e-02 6.948351909612840438e-02 -6.289976633348946800e-02 -1.156026779694113993e-01 -2.046130711315074027e-02 1.348693726421549832e-01 -8.555527789090402666e-03 -2.717954660826355992e-02 -1.432530019066559079e-01 -7.409583337422996629e-02 2.275244282569672399e-02 1.158099373591940130e-02 -8.153736169765683772e-02 -4.524936208696756293e-03 -1.782419166283473466e-01 7.451111613222201335e-02 6.274991713125882553e-02 -2.116134796481919100e-01 -2.335462719314271990e-02 -1.721275111820915957e-02 -2.484440897348815652e-02 -1.547984258104252372e-02 1.387364644654023003e-02 -1.058555257193076887e-01 -4.493480117190865736e-02 -8.702045460661002318e-02 -1.206413298955534702e-01 8.013813871076969075e-02 5.215590496116534469e-02 8.087833856068131488e-02 -9.112813033674523056e-02 1.519263505327077546e-01
-3.739141406590940075e-02 9.953460504461799502e-03 -1.005886954289093027e-01 -9.940832514195362124e-02 -1.530645262414543316e-02 -3.948636769346435677e-02 7.359598925571078643e-02 -2.602490037335924294e-02 -4.886503338501536897e-02 -5.712817174180206958e-02 3.375486558010315497e-02 -1.286937374271208794e-02 -9.803250950000118313e-02 3.410534090288832448e-02 1.095214471442194221e-02 2.353320653916010641e-02 3.902706870022662478e-02 -8.974063191210015708e-03 8.361955264826147205e-02 -7.204206854181308128e-02 5.636197545973034573e-02 -7.229936482948265755e-03 -1.389490188223424239e-01 -6.643040035993307002e-02 -6.278256458010314511e-02 -4.297660169938376240e-02 -3.834916510831252318e-02 -5.333520468531023628e-02 -3.725995841416208237e-02 -7.814709059529292845e-02 -2.891117261651087941e-02 1.047745985529952885e-03 1.995152695414791066e-02 -7.126953419465051343e-03 8.297604372110951865e-02 -2.473821409024680451e-02 -3.206229968750599901e-02 -2.014071320177718283e-01 -4.614838907725831579e-02 1.407542649099869647e-01 -2.527017692024754666e-02 -9.153838528934804541e-02 -2.494583468101349219e-02 -6.472276697299940776e-03 -4.759445540168954353e-02 -4.719046800214361098e-02 5.627290096848676371e-02 8.683834682012879849e-04 -7.988913707459988425e-03 -4.368045328692021084e-02 1.691429238308456151e-01 2.581565212752680999e-02 -2.240872137690519666e-03 -4.802080541722138912e-02 6.830776103134789112e-02 -5.801477099638432944e-02 -4.036438350914713091e-02 9.842778518853317893e-02 5.503359936439008136e-03 -5.666894600941191351e-02 -1.587453593481491787e-01 -1.194404268312859035e-01 -5.138943840652779316e-02 -1.072431355427107443e-02 1.074569980708169753e-01 -4.519575913018080565e-02 6.016259434830767416e-02 4.297347675819648827e-02 -7.698173782939968235e-02 5.149179603094826418e-02 6.102267851222802769e-02 -5.255011487712100970e-02 -6.224921735241070730e-02 -1.258070123303821862e-02 -1.526010981785032028e-01 3.920640456019101189e-02 -8.461001423578377867e-02 3.439179958631479860e-03 3.757385182859694639e-03 9.972659233715289173e-02 -4.152343669825292460e-02 2.133562843345056942e-02 2.899554852595725637e-02 4.449094919269812320e-02 1.168849762552706534e-01 1.436101220670520928e-01 1.243975495610044196e-01 6.940286465827213980e-02 1.787213453973914706e-02 -9.172086314843386212e-02 6.697700739490443367e-02 -2.150992183684821354e-02 -4.311905966810480884e-02 1.676028799747713779e-02 3.863002055175260990e-02 2.096143518532435010e-02 -3.349669990494438115e-02 2.473320913784517530e-02 5.716032635879089198e-03 1.260818299383369978e-01 -3.942110382746824571e-02 3.477359001013073658e-02 4.100518250814752519e-02 6.600799163252732416e-02 5.390272171298576137e-02 6.531110617008002717e-02 -1.200436565687502816e-01 -8.352182769402601015e-02 9.290217042433925043e-02 7.106633951001234406e-02 3.501784036563793806e-02 2.464050648512384600e-03 5.041766928635498662e-02 2.148727560569659023e-02 9.861287476836545773e-02 5.222757868140383286e-02 5.415206165719024106e-02 5.832297183401619761e-02 -3.902884396767297703e-02 -1.315224497584956687e-01 -2.698956643104328049e-02 2.529165939632113669e-02 -6.617970248333830685e-02
4.970048339461143744e-02 -5.599067866160080398e-02 1.826289066139218445e-02 4.373639275632631995e-02 -3.017640568230086067e-03 3.330184181054191700e-02 -2.602490037335924294e-02 2.473848777030113882e-02 6.132177679979393913e-03 4.013204954533237251e-02 1.658715399469360210e-02 -2.205870378170546320e-02 1.030291523777653387e-02 2.744571502227260117e-03 -2.269061893366194124e-03 6.173887119413145469e-02 -3.991332771016697228e-02 -4.963190930291873360e-02 -1.452015000590225167e-02 3.090272345269023252e-02 -9.033591964607878833e-02 -3.701020121517679257e-02 2.114528140507436482e-02 4.310611991298519963e-02 3.780294718006713128e-02 1.424665707642110320e-02 3.014697962174060775e-02 4.603789983693542393e-02 2.273629838676230822e-02 8.077796652789416554e-02 -1.536572986898000585e-02 1.005724805381025440e-02 2.900600654154410207e-02 1.484189854458898596e-02 4.582627540681866174e-02 2.518490884819309106e-02 9.141073886157616356e-05 5.821095761772801525e-02 6.295314858682395098e-02 -9.084159485453519034e-02 -3.017678166751565014e-02 3.834119076456862785e-02 -7.691878425250568349e-03 -2.652128567005782728e-02 7.345352061229101781e-02 2.769112245991549315e-02 1.716829549455486936e-02 -4.058947586850357447e-02 -2.886014922295373000e-02 3.660975811330386548e-02 -5.560378529345572085e-02 -1.878600855093113739e-02 -1.439560319514070208e-02 -5.452621651450308832e-02 1.758548614359052098e-03 5.335191254632704744e-02 2.747592423880996365e-02 -7.927723901001146323e-02 -2.112720132104290230e-02 1.072783403122663272e-02 1.074062200283748408e-01 3.978448532590082160e-02 9.248932528202417208e-03 -5.853089830665996612e-02 -4.270427152776539066e-03 7.030394744846038720e-03 2.741880544403436579e-02 6.832289501226404202e-03 1.041292005039103769e-02 -1.075362075816332398e-02 4.368900190977562797e-02 -9.243423809047532488e-04 4.758661395610363359e-02 4.250671438664964386e-02 4.848087321421649248e-02 -4.450106943367863888e-02 4.580891605000608768e-02 -1.794482316693748677e-02 3.926862347975229595e-02 -6.108994048870410032e-02 1.592762584999448880e-02 4.676871466690728577e-03 -3.612126654925432861e-02 -1.456711337325660924e-02 -1.312729350293007167e-03 -4.782205168021332747e-02 -2.093965996613137565e-02 -3.891209231713689976e-03 7.560585733808545920e-03 7.094456011570081377e-02 1.125800288280562680e-02 2.864800232265949514e-02 7.014385466704266270e-02 -2.335604996187672089e-03 -5.940919123939012586e-02 5.389570736076362834e-03 5.604334106165521218e-02 1.671739091751670014e-02 5.259991392809109344e-03 -5.312002343431717483e-02 -3.853256238029641872e-02 3.773098612430202115e-02 2.039815913435928316e-02 -9.080636961435666066e-02 -2.003690379968591992e-03 -7.320847428649150668e-02 4.144454542281121590e-02 2.211482250082190404e-02 -6.538633385868168613e-02 -5.661979958562265297e-02 -3.581684774862150394e-02 1.871895521194225434e-02 -3.371642909517795494e-02 -7.233369989538162258e-03 -2.503515233504563509e-02 -3.834373105916209779e-02 -2.438178976984603161e-02 -3.900307672102529960e-02 4.179517508642564133e-02 4.443885584094579150e-02 3.076064806759746043e-02 -1.973263073837926845e-02 9.408904854413856211e-02
5.004795423194528109e-02 1.212555515284499154e-02 2.716231156916816200e-02 4.628489860312729604e-02 9.027903691676246456e-02 -1.958963477270754192e-02 -4.886503338501536897e-02 6.132177679979393913e-03 7.883234538124857249e-02 -2.469881912411650213e-02 -6.961934103414114949e-02 1.844963609080158343e-02 7.729797927621055720e-02 5.405200658498837685e-02 2.328884646120534061e-03 -1.852564025086002042e-01 -4.980174525520412315e-03 -2.365046599446295542e-02 -8.136828411779548076e-02 2.758593436672474725e-02 3.401786663004327527e-02 7.180554897653267099e-02 1.687914176335757466e-01 3.304809216521888138e-02 3.804821523519365256e-02 2.182691056915651070e-03 5.776052905762164152e-02 4.128255210123190494e-02 1.598479429229482038e-02 -3.202404078891502720e-02 3.458675409442374393e-02 -1.332087076825727232e-02 -3.680398702541039929e-02 -6.979537617459438681e-02 -1.692681468147032298e-01 -5.301946216832763639e-03 4.310199851939426618e-02 2.585227124962614642e-01 4.657742046231449357e-02 -5.964731770023075363e-02 -1.381872196046701404e-02 3.172492680394544545e-02 3.605085467629164792e-02 3.854304222193619123e-02 1.648626154177990077e-02 4.291195744180934663e-02 -6.927655731486831447e-02 -1.960162770842877392e-02 6.194942240448580301e-02 2.023970614295732620e-02 -1.371432299750833528e-01 1.598200585124832582e-02 4.064907899002487973e-02 1.402260475983789778e-01 -6.423098271464479370e-02 1.882487582964442394e-02 -1.005593540402996700e-01 -1.087926894676641831e-01 -4.541540296676050553e-02 8.073390762540584575e-02 1.243677600106176395e-01 7.859091630624269464e-02 -2.502535413904919195e-02 1.041407996316171120e-01 -1.210704844601476482e-01 -2.620316757027441046e-02 -5.021041489599496060e-02 5.651098710521052643e-02 5.513905997686886773e-02 1.005539260384921835e-01 -1.486237658463417100e-01 3.982712878209167078e-03 -3.069845789737198766e-02 -5.220067690151754952e-02 2.536500120548213638e-02 -2.941032226957878207e-02 -2.950108972011751540e-02 -4.767721138471958664e-02 -6.222166644194915969e-02 -3.353988867478151226e-02 1.066522390386059503e-03 -6.889374949399934024e-05 5.631774511747291573e-02 -3.218590707936791473e-02 -8.814197805153195509e-02 -1.019502565805851940e-01 -1.589218184410070844e-01 -6.301517939284655145e-02 -6.071125487185595818e-03 5.249138557847288916e-02 -6.212435713615293426e-02 1.342195556898754562e-02 1.566262333011097380e-02 5.645973453555952482e-02 5.276972010567125559e-02 7.128096036880089692e-03 -8.384431612624250463e-02 -2.258743482826298162e-03 3.085449139446863609e-02 5.248278965592736078e-04 9.979818649273138054e-02 -3.390696235730730757e-02 -4.041497103741578667e-02 -4.092090187375144184e-02 -5.182871202372493075e-02 8.973472060495471525e-02 6.678156217224884283e-02 2.811690388705961885e-02 1.074287635708721239e-01 -8.946617747210072746e-02 -4.339018622450604989e-02 4.189222334615996801e-02 -5.974596941136372380e-02 -4.451796673195030501e-02 5.821131576821260249e-03 -2.982335210350425120e-02 2.963930781639430301e-02 5.436629146963452286e-02 -2.344434483881676495e-02 1.078411895686465782e-01 -4.535386052270086454e-02 6.803025565206373415e-02 -4.094998955169290578e-02
1.110830014227416965e-02 -5.122185288985032364e-02 1.214128695743002528e-01 1.052563889874386510e-01 -9.219671923936924307e-02 9.566765621364738126e-02 -5.712817174180206958e-02 4.013204954533237251e-02 -2.469881912411650213e-02 1.307729757063779141e-01 4.406298205881717389e-02 -1.258025697715356092e-02 5.148420811762054183e-02 -1.174301647361980366e-01 -1.998535161962264328e-02 2.219064558709731294e-01 -6.655530127551483044e-02 2.421304114535102400e-02 -2.665177118149388361e-02 8.348090430500235137e-02 -1.604166447471969126e-01 -9.376873157520979052e-02 8.836354884188925892e-04 7.293782639030536863e-02 5.923756838259929686e-02 6.618407963155524543e-02 -4.610235296740501816e-03 4.431876354324326001e-02 4.357541475234237571e-02 1.864808271304414233e-01 -6.643205343463050652e-03 1.904007836719822516e-02 2.785227271424417853e-02 1.040524300173445715e-01 1.078742972530982169e-01 5.279700067815779746e-02 -6.846164761354986937e-03 -5.724618240792026837e-03 3.345231989924985633e-02 -1.674135608751791404e-01 4.330086470692712936e-02 1.099133766159273579e-01 -1.143612736672390204e-02 -4.902168448172362913e-02 7.745617265439844190e-02 2.622690425910106579e-02 1.056126998084527292e-02 7.994384898753254323e-03 -7.714437651501830639e-02 5.297141330221420696e-02 -9.843173542867396375e-02 -6.540996657352413091e-02 -5.333404682360243926e-02 -1.262700780156763569e-01 -1.942020607918948372e-02 8.228981949661676176e-02 1.967124025509458807e-01 -3.857884598413455907e-02 4.103812194749366371e-02 -1.382112333592716742e-02 1.187969991762488908e-01 9.268684891424708305e-02 1.109838073314072943e-01 -1.374873604462283350e-01 -8.008272833021910439e-03 1.024639340488880251e-01 -1.530246196989750937e-02 -1.320873923679218298e-01 4.830707513945467491e-02 -2.068049876690710165e-01 1.135119019089358000e-01 7.231214146947884114e-02 1.487198181035443989e-01 1.004474869009633342e-01 2.120206191099092974e-01 -3.780400821768825637e-02 1.795897098233441569e-01 4.813961995225952972e-02 8.768967653858997235e-02 -1.283550473986009299e-01 6.607345340725673255e-02 -2.967515672311740391e-02 -1.274733931467146864e-01 -3.076873557601819686e-02 -6.228989742410648983e-02 -1.020485643105747270e-01 8.285841870295350062e-03 -2.471870040663056919e-02 -1.590581343030098710e-02 9.639703301654110879e-02 -1.651001426413637937e-02 2.575959551309386919e-02 7.062614981012674265e-02 -9.675740589120238044e-02 -1.460843150903379517e-01 -3.791105569699759759e-02 1.763539659635479928e-01 -2.736796337888778088e-02 -4.530641780912145894e-02 -2.071749255472266904e-01 -8.201137266808376791e-02 5.610299543973381979e-03 -1.983239378317819268e-03 -8.049339834272220551e-02 -1.517585961337110899e-02 -2.373054663576109613e-01 1.090813632145557904e-01 9.644344009464012046e-02 -2.973981875093370530e-01 -1.387842189964071972e-02 -1.071327683211788923e-02 -4.929092050249755941e-02 -1.207598436196870122e-02 2.154767621700504066e-02 -1.625949178582745680e-01 -5.419148346950746625e-02 -1.266230028244715589e-01 -1.694575674516118347e-01 1.030663282997648783e-01 7.547369738929818328e-02 1.086893467992007256e-01 -1.305314726619114518e-01 1.850838818377615047e-01
1.401868586950317901e-02 -7.859276203795481641e-02 -4.165115162510920482e-02 -2.038538222890328572e-02 -7.410067851670203154e-02 3.964363834922110530e-02 3.375486558010315497e-02 1.658715399469360210e-02 -6.961934103414114949e-02 4.406298205881717389e-02 8.648382084884040366e-02 -4.835873915392815275e-02 -8.601950315543027692e-02 -1.801085778101292958e-02 4.740821211645865211e-04 2.225861192801325272e-01 -3.157127615935814008e-02 -5.403980124392945145e-02 7.647028869078821567e-02 -1.168428054883424543e-02 -1.179919085968684223e-01 -1.028646571089403411e-01 -1.544443635782132285e-01 3.445252765930943012e-03 -5.414669361207371731e-03 -2.620426323515299104e-03 -1.793399648418329134e-02 7.758966025013148624e-03 1.784093763722551179e-03 9.362379393807028494e-02 -5.817203696987069406e-02 2.320909127853873835e-02 7.374314134647541596e-02 6.511895790204538792e-02 2.180390748359201381e-01 2.575054416766039619e-02 -4.493102223344672824e-02 -1.967043684260339487e-01 3.004059433437935786e-02 -1.386859931983397930e-02 -4.253492317221130303e-02 -1.375965332773828112e-02 -4.708106355928894787e-02 -6.531973003432244018e-02 6.435491430069528729e-02 -1.500908079639670829e-02 9.756814866184236601e-02 -4.016948800835642291e-02 -8.546363211109007929e-02 1.434657988653223991e-02 1.005042382745221230e-01 -2.413885121269787951e-02 -4.860411115115660652e-02 -1.930505406622231579e-01 7.910837679224493046e-02 3.098516788259069246e-02 8.786135744365136668e-02 1.599186710249249702e-02 5.992268168405337665e-03 -6.846361458339460249e-02 -1.752011835403273488e-02 -5.755938149720399299e-02 5.716849950183709034e-03 -1.557874595990685340e-01 1.289934525677124966e-01 6.471956813294989577e-03 9.980692780849927115e-02 -1.010945769790273611e-02 -6.057468121799618882e-02 -6.029774525177661326e-02 1.905108243497084519e-01 -2.863095493419940546e-02 5.580202453364747905e-02 8.726580997554996000e-02 -2.439704850871095287e-02 -2.059841862934897599e-02 4.211540727950773694e-02 1.085130802908665371e-02 9.757705913811005882e-02 -1.152881444456656246e-02 1.079708744685280641e-03 1.629418749919289006e-02 -7.391204902389798825e-02 2.380402775442667235e-02 1.144195141924314318e-01 7.442143320944655249e-02 1.410290366410260621e-01 7.122232128374689220e-02 2.270509842510243237e-02 1.524446088981770524e-02 8.970373548539581354e-02 1.884674689512107898e-02 6.260338596779199682e-02 -3.460669626267388194e-02 -9.804160381088351806e-02 1.205765133545571438e-02 1.176060375817955944e-01 3.550125754062536526e-02 -1.179232209729787380e-02 -1.226056259423818386e-02 -1.394854624867490622e-01 9.033024624266845770e-02 7.462546171190714839e-02 -6.189051745268413229e-02 5.868909984258492696e-02 -1.297352728748062678e-01 -4.739430809022918828e-02 -2.917454680991877353e-02 -1.186793100169616505e-01 1.997684758526518944e-02 -1.216848229314106741e-03 -3.021283647358906539e-03 2.020593606361121772e-02 3.141848061274538084e-02 8.697079540133781372e-03 -5.980429680372298211e-03 -2.785808366733120295e-02 -6.265913459153957255e-02 5.388996525750049810e-02 -7.738431821923377751e-02 6.006199089956482801e-02 -6.191192979124681556e-02 1.232373713418030842e-01
-6.825032950955671474e-02 9.266743945021654882e-02 5.969501530694230201e-02 5.925811931183508352e-03 -6.147744169984665791e-04 -1.857614747077304673e-02 -1.286937374271208794e-02 -2.205870378170546320e-02 1.844963609080158343e-02 -1.258025697715356092e-02 -4.835873915392815275e-02 5.003082920451975418e-02 6.013936496482774618e-02 -5.222739280662201666e-02 -7.236357824253657200e-03 -9.554779796273414616e-02 3.737965167344640266e-02 1.081813824094170345e-01 -3.679795591560622303e-02 7.217007911597923993e-03 1.057345437902728058e-01 5.979584026235228167e-02 5.872768858114620766e-02 -2.270416352276938624e-02 -1.755611387557172789e-02 1.561699167794526263e-02 -3.228668544429820486e-02 -4.330100655486905648e-02 -9.408122272523172097e-03 -6.640536525877530072e-02 4.959991125735859624e-02 -1.681442359803242761e-02 -6.581587233688289407e-02 -4.135089425949569665e-03 -1.288454857449833901e-01 -2.145264799435063832e-02 2.157985824399313510e-02 2.986347431649914036e-02 -8.363854577223409081e-02 4.469452578794595038e-02 8.546071693505638556e-02 1.170971236496877975e-02 3.081982388283889540e-02 4.723258702160657019e-02 -9.477733781082217646e-02 -1.525840631979912161e-02 -7.206207949069456942e-02 8.032754417162359106e-02 4.755135974442772223e-02 -3.015098077359784287e-02 -3.156294193731119802e-02 5.757079100695760773e-03 1.964145427738538466e-02 1.172293756831201128e-01 -5.626415928063868005e-02 -4.702841406368397925e-02 1.266696754223156467e-02 7.700520040064681715e-02 4.518581022975481920e-02 1.713838427926597449e-02 -7.341455734785888587e-02 2.567881217963369905e-02 3.996430053507546432e-02 9.610963134709643585e-02 -7.045667448618865569e-02 3.823283281314172194e-02 -9.983492361815198002e-02 -6.939188767947018777e-02 4.417969639302071760e-02 -5.531361810079336860e-02 -1.077996617999160966e-01 5.335480239981389011e-02 -2.007054538327990995e-02 -5.503030368186226373e-02 5.519820888246772944e-02 5.169517124922465984e-02 5.358648490813282955e-03 4.179619157551610342e-02 -6.287227601781140984e-02 2.341068211695461476e-02 1.126267126058631655e-02 -3.013834108181354804e-02 2.558982234663612076e-02 -9.344655264534582062e-03 -9.334386520564727507e-02 -2.911295965459352944e-02 -4.692256014248229884e-02 -4.700364069366051029e-02 -3.067530594759262930e-02 -5.452930365317662509e-02 -7.334255893479212085e-02 -3.568904766836140247e-02 -9.281957830991405256e-02 -2.587994639099924776e-02 6.069489544500088901e-02 -3.283353578710077741e-02 -5.204576435334855311e-02 -5.570714030992014038e-02 -2.301878682741385906e-02 -2.612736671106070593e-02 8.816378844970686190e-02 -9.777921039247353119e-02 -6.978638283059049319e-02 1.149141722667785248e-01 -3.773436179768482196e-02 5.116312605190921625e-02 2.598066721383790120e-02 3.513454343385560147e-02 4.585876336692287780e-03 5.704430014076715405e-02 4.286370134531788251e-02 -4.777405807631392165e-02 2.741648255685562308e-02 2.797692067804636099e-03 -5.285292263725747952e-02 2.716222461219139003e-02 -1.531147889519076342e-02 2.154125854390689064e-03 -3.411962632252975303e-02 2.198994176029682446e-02 -2.011750118864709738e-02 -4.396448523173038594e-03 -1.013289335185976192e-01
